losses,deltas,rhos,s1,s2
16.886660095214843,0.00011009999999999999,1.6,51.0,113.0
24.069277542114257,1e-07,1.4000000000000001,135.0,81.0
23.670856887817383,0.0003191,1.1,149.0,139.0
83.51421717834472,0.0008740999999999999,1.7000000000000002,137.0,91.0
5.118534683227538,0.0765631,0.30000000000000004,41.0,9.0
4.452765731811523,0.0223831,0.9,89.0,121.0
41.25480265808105,1e-07,1.4000000000000001,30.0,64.0
7.379004028320313,0.0004081,0.4,60.0,99.0
8.042101181030274,1.71e-05,0.8,111.0,111.0
7.343570831298828,1e-07,0.2,35.0,18.0
3.1019152221679684,0.027193099999999998,0.7000000000000001,4.0,31.0
3.694424240112305,0.0006890999999999999,0.30000000000000004,51.0,99.0
21.749251907348633,0.0054621,1.1,57.0,131.0
11.532713821411132,1e-07,0.9,98.0,62.0
11.877633392333983,1e-07,1.9000000000000001,61.0,52.0
2.281587265014648,0.0336781,0.8,4.0,98.0
31.207561798095703,0.0166241,1.3000000000000003,19.0,49.0
27.375820495605467,0.0182371,1.8000000000000003,81.0,8.0
24.622294921875003,5.91e-05,1.3000000000000003,104.0,104.0
11.293591186523436,1.1e-06,1.4000000000000001,32.0,76.0
12.126505828857422,0.0041201,1.5000000000000002,118.0,56.0
11.426045822143553,0.0980501,1.7000000000000002,43.0,118.0
18.134275985717775,3.1e-06,1.9000000000000001,139.0,104.0
15.513583206176756,0.0020261,1.3000000000000003,149.0,15.0
11.037093215942383,0.0038180999999999996,1.2000000000000002,64.0,100.0
5.905978210449217,2.1099999999999998e-05,1.6,114.0,50.0
7.005659927368164,0.0047691,1.2000000000000002,22.0,112.0
13.176240020751953,5.71e-05,1.4000000000000001,14.0,8.0
18.09810250854492,1e-07,1.1,68.0,56.0
26.781186141967773,1.1e-06,1.7000000000000002,30.0,41.0
